Coefficients: [9916.05576599]
Intercept: 23948.229617916368
